Beginning to PreTrain the Encoder Decoder
0.7299871081723867
0.72391231809786
0.7208372851269655
0.7152346140846149
0.7081999859508544
0.7013579319582859
0.691844863150988
0.6828938170394749
0.6777318983343698
0.6687857578513755
0.6733692866882677
0.6762170093820016
0.6433779429612984
0.6363128033707796
0.6231544115370263
0.6175003080413618
0.6090533136483841
0.6022220991258574
0.5998233844726486
0.6127365219687544
0.5952678052340336
0.6237954494909406
0.60067688471257
0.6270214817600461
0.5906290053779748
0.603805254656547
0.6266088117019214
0.5912661351173911
0.6377583924266085
0.5866760263607812
0.550180132365034
0.5746052753582382
0.6278579223271156
0.5656969763136839
0.5737162749792032
0.6311379419270984
0.6066891792280995
0.5746636973762193
0.5481857843737111
0.5595558289905219
0.5449829840276548
0.5852249664364209
0.5483165665094851
0.5000801778569423
0.5538100760356246
0.49202996248455916
0.5330537372388464
0.5383321951848997
0.5509052495503484
0.4991211516804706
0.46727698487881386
0.5367146139870458
0.4700644447954247
0.4840574441608835
0.5057205140855224
0.551424047043664
0.5396852739268628
0.44561155427362253
0.48465222535876057
0.4963187861223985
0.4627088395665957
0.4206059230082675
0.4626112757424055
0.443159684767757
0.42846984968596313
0.3882819992140337
0.3857430843951813
0.41967727455958265
0.45970243243572545
0.4519997155686314
0.40416280061749343
0.4006970902247889
0.40253712596036745
0.380984703773986
0.4031574909944732
0.3793355196789698
0.3754189925438698
0.41547822985094046
0.42697137171864674
0.4138081706018658
0.3399043192616085
0.3871688354615873
0.3817255115799954
0.3953843887663288
0.29971130668341145
0.3614854694891417
0.40103307790005843
0.3447324404452647
0.3497249762385164
0.34257900152302895
0.3757609523559326
0.3255977049464414
0.33146833376959123
0.42796356979351957
0.36279565561455096
0.29114600809062113
0.3900429498965295
0.290223194130933
0.25610877480172417
0.30567379283158636
0.24247038740225646
0.29100271186864596
0.24642588326462259
0.22061603836032997
0.2522418730122964
0.23847973060566097
0.21196803146992443
0.2193778750247099
0.22108873608236626
0.225139777154058
0.23774404340251407
0.3150045914813108
0.19336108322740533
0.1748108092945324
0.18536977537353724
0.25592587763094854
0.1695011927061327
0.1474383703019649
0.15966416044470635
0.15236865047994286
0.18526534137775247
0.16058095038351441
0.15705628651384412
0.21067349224111373
0.1924205142744521
0.14553225710644957
0.1734029308545567
0.14641424349397897
0.24226130076047778
0.13824117940636996
0.20274334930946555
0.1435000914296201
0.13797874491289502
0.14818473506101837
0.1973730145145106
0.14613562863223614
0.1489407472821722
0.13125959895319456
0.09962145475595957
0.12262672082507899
0.12625083019857164
0.10523876504705797
0.09282342564617392
0.13989068655887077
0.14446934351558308
0.11686194401903302
0.11288033098282614
0.13165179689143913
0.16418176613215343
Beginning to PreTrain the Encoder Decoder
loading param from /home/zhuyuanjin/data/Human_Matting/models/ed_pretrained_seg
0.1993845659924062
0.1012418284860197
0.11452923784900342
0.10861505908140243
0.09758610733069664
0.12327080687305383
0.11067047460274847
0.18915121910055585
0.11336728234767976
0.10626942670782534
0.12925034145929357
0.0979245183099387
0.10852846137009982
0.11633494298257094
0.23855618390073355
0.0875358218851111
0.10482108536937852
0.14118618917537878
0.10874919768569315
0.11890212517003816
0.12781998215952406
0.13497806422593087
0.09899533441001573
0.09475800747926837
0.09364425961688773
0.0927705740792552
0.11835678499673756
0.1108693865074084
0.08850534386564311
0.10300448845162484
0.12967940707238593
0.08932451957415276
0.23705427291416675
0.15347043687655068
0.0968027123206294
0.09144052436609197
0.0969276257498741
0.2320615808182192
0.083643948895651
0.1715857270840081
0.11055637673121411
0.09053431970471003
0.11425836428745001
0.08642834850909882
0.16404158096672747
0.12947587689245194
0.11086753347102186
0.11721580175796653
0.1092662096628188
0.09082470004597162
0.12751827835738921
0.08771607734193476
0.08785483269100337
0.10560856498832623
0.19411041575682308
0.1171438485132696
0.16860470028546304
0.11911390105266206
0.10468404853256033
0.13385503554331024
0.12820052471714716
0.106075833810903
0.11637496957101026
0.11467176679489227
0.1217172921093626
0.11209648104098617
0.09433011787094459
0.08087421010384042
0.10789080280188357
0.1060787575675849
0.15607513630735512
0.13420137223473536
0.07140897429649272
0.07747844658303008
0.1278302066335937
0.08660696025608337
0.09948657934262363
0.09318917167271663
0.0943001289837928
0.0949371675620792
0.07979760802278087
0.09585566803751476
0.07396424162798176
0.09331105488696045
0.19260193222411767
0.09654456479863927
0.08926601201723465
0.07780917491312052
0.06183411785906182
0.07828700743149894
0.1568072680433292
0.07076001463876067
0.14529459084017815
0.08528330823634983
0.12975172183182063
0.07552935732339615
0.12457820201037009
0.08881776293739468
0.08908205251049013
0.13148639563054912
0.08949470213437219
0.0737675297571433
0.09968948306095961
0.10174028686664711
0.10006741069145361
0.11379987886456497
0.0974282915628098
0.15752280551416797
0.07967882748159237
0.1529486371993638
0.11918545951168423
0.14094872335803738
0.07231371473386407
0.0863735233242187
0.07531918985509585
0.10301879067834505
0.11472310552592903
0.06543513131035844
0.08638803912546159
0.10620121237812953
0.07807713522970974
0.08305403864569288
0.11267207710699331
0.11799510806676333
0.09101915808236534
0.07013703029023317
0.08080794432402344
0.06497516894696026
0.10300793301637587
0.09379579355943027
0.0740811796012657
0.09607644605228051
0.09180403130827576
0.23256674906146316
0.1144935219366641
0.07222194355373981
0.08243611990104191
0.06881017106809946
0.1296364375418213
0.06879487716993346
0.0750333842669685
0.09756364240520052
0.0836347621233874
0.06482411561516475
0.06987760853432697
0.0687652780348571
0.10064868347748111
0.09688866236933219
0.0799772560486559
0.0845699821693032
0.17560459409191317
0.06905564957354295
0.0915382498984971
0.08103540372557583
0.072073523679401
0.06358648000736102
0.07468084435098567
0.0821722577519782
0.062395806940950795
0.06549581741536437
0.06121290134514065
0.11880939554730187
0.06990426314696063
0.08363892650398523
0.08247226807504458
0.11799585866759252
0.06934080331641249
0.0697416607781837
0.0635283271168536
0.11663797180087968
0.09309135204489047
0.08093658507888056
0.06553483863181829
0.07845436834036663
0.12484677262527967
0.09447849003191533
0.14315625552802577
0.1293460385903783
0.09632281735509338
0.061706978275681584
0.0774913953311974
0.08747085343823525
0.11571082417976841
0.06553998883280443
0.08278248515663642
0.08059662793517543
0.08546907508184413
0.06949708848334847
0.08523226517980532
0.06837636924575384
0.06709784034201413
0.08955941190996422
0.10525665444518696
0.08346066203086691
0.07952078356729579
0.06769577330294232
0.07383197991251722
0.21330617050279488
0.08609410374061544
0.06259986741115274
0.07545505972892957
0.11045268636319938
0.059523932190870245
